100
169 55
226 22
1000 95
635 54
835 62
875 93
2 96
744 91
397 40
918 38
320 75
500 44
965 51
808 71
398 61
728 33
894 97
950 63
1000 97
171 6
70 56
270 26
1000 2
1000 5
2 98
1000 1
755 11
507 14
289 48
958 86
555 27
837 81
2 50
2 3
373 46
254 30
659 89
580 93
2 5
132 90
2 2
355 11
2 36
522 40
451 5
642 34
494 92
565 89
970 99
2 95
582 60
1000 3
289 65
2 97
911 80
440 28
745 5
871 75
177 61
383 4
740 92
758 85
1000 96
1000 4
2 1
2 99
492 12
786 52
81 39
13 37
1000 98
915 30
551 71
912 68
712 1
279 28
3 10
497 91
508 54
109 76
424 35
319 10
537 11
906 56
793 69
758 81
387 98
443 91
140 74
991 9
824 54
838 46
950 95
1000 99
924 39
372 41
807 16
30 46
950 71
2 4
